-2000 500 0
-1989.99 500 0
-1979.97 500 0
-1969.96 500 0
-1959.95 500 0
-1949.94 500 0
-1939.92 500 0
-1929.91 500 0
-1919.9 500 0
-1909.89 500 0
-1899.87 500 0
-1889.86 500 0
-1879.85 500 0
-1869.84 500 0
-1859.82 500 0
-1849.81 500 0
-1839.8 500 0
-1829.79 500 0
-1819.77 500 0
-1809.76 500 0
-1799.75 500 0
-1789.74 500 0
-1779.72 500 0
-1769.71 500 0
-1759.7 500 0
-1749.69 500 0
-1739.67 500 0
-1729.66 500 0
-1719.65 500 0
-1709.64 500 0
-1699.62 500 0
-1689.61 500 0
-1679.6 500 0
-1669.59 500 0
-1659.57 500 0
-1649.56 500 0
-1639.55 500 0
-1629.54 500 0
-1619.52 500 0
-1609.51 500 0
-1599.5 500 0
-1589.49 500 0
-1579.47 500 0
-1569.46 500 0
-1559.45 500 0
-1549.44 500 0
-1539.42 500 0
-1529.41 500 0
-1519.4 500 0
-1509.39 500 0
-1499.37 500 0
-1489.36 500 0
-1479.35 500 0
-1469.34 500 0
-1459.32 500 0
-1449.31 500 0
-1439.3 500 0
-1429.29 500 0
-1419.27 500 0
-1409.26 500 0
-1399.25 500 0
-1389.24 500 0
-1379.22 500 0
-1369.21 500 0
-1359.2 500 0
-1349.19 500 0
-1339.17 500 0
-1329.16 500 0
-1319.15 500 0
-1309.14 500 0
-1299.12 500 0
-1289.11 500 0
-1279.1 500 0
-1269.09 500 0
-1259.07 500 0
-1249.06 500 0
-1239.05 500 0
-1229.04 500 0
-1219.02 500 0
-1209.01 500 0
-1199 500 0
-1188.99 500 0
-1178.97 500 0
-1168.96 500 0
-1158.95 500 0
-1148.94 500 0
-1138.92 500 0
-1128.91 500 0
-1118.9 500 0
-1108.89 500 0
-1098.87 500 0
-1088.86 500 0
-1078.85 500 0
-1068.84 500 0
-1058.82 500 0
-1048.81 500 0
-1038.8 500 0
-1028.79 500 0
-1018.77 500 0
-1008.76 500 0
-998.748 500 0
-988.736 500 0
-978.723 500 0
-968.711 500 0
-958.698 500 0
-948.686 500 0
-938.673 500 0
-928.661 500 0
-918.648 500 0
-908.636 500 0
-898.623 500 0
-888.611 500 0
-878.598 500 0
-868.586 500 0
-858.573 500 0
-848.561 500 0
-838.548 500 0
-828.536 500 0
-818.523 500 0
-808.511 500 0
-798.498 500 0
-788.486 500 0
-778.473 500 0
-768.461 500 0
-758.448 500 0
-748.436 500 0
-738.423 500 0
-728.411 500 0
-718.398 500 0
-708.385 500 0
-698.373 500 0
-688.36 500 0
-678.348 500 0
-668.335 500 0
-658.323 500 0
-648.31 500 0
-638.298 500 0
-628.285 500 0
-618.273 500 0
-608.26 500 0
-598.248 500 0
-588.235 500 0
-578.223 500 0
-568.21 500 0
-558.198 500 0
-548.185 500 0
-538.173 500 0
-528.16 500 0
-518.148 500 0
-508.135 500 0
-498.123 500 0
-488.11 500 0
-478.098 500 0
-468.085 500 0
-458.073 500 0
-448.06 500 0
-438.048 500 0
-428.035 500 0
-418.023 500 0
-408.01 500 0
-397.997 500 0
-387.985 500 0
-377.972 500 0
-367.96 500 0
-357.947 500 0
-347.935 500 0
-337.922 500 0
-327.91 500 0
-317.897 500 0
-307.885 500 0
-297.872 500 0
-287.86 500 0
-277.847 500 0
-267.835 500 0
-257.822 500 0
-247.81 500 0
-237.797 500 0
-227.785 500 0
-217.772 500 0
-207.76 500 0
-197.747 500 0
-187.735 500 0
-177.722 500 0
-167.71 500 0
-157.697 500 0
-147.685 500 0
-137.672 500 0
-127.66 500 0
-117.647 500 0
-107.635 500 0
-97.622 500 0
-87.6095 500 0
-77.597 500 0
-67.5845 500 0
-57.572 500 0
-47.5594 500 0
-37.5469 500 0
-27.5344 500 0
-17.5219 500 0
-7.50939 500 0
2.50313 500 0
12.5156 500 0
22.5282 500 0
32.5407 500 0
42.5532 500 0
52.5657 500 0
62.5782 500 0
72.5907 500 0
82.6033 500 0
92.6158 500 0
102.628 500 0
112.641 500 0
122.653 500 0
132.666 500 0
142.678 500 0
152.691 500 0
162.703 500 0
172.716 500 0
182.728 500 0
192.741 500 0
202.753 500 0
212.766 500 0
222.778 500 0
232.791 500 0
242.804 500 0
252.816 500 0
262.829 500 0
272.841 500 0
282.854 500 0
292.866 500 0
302.879 500 0
312.891 500 0
322.904 500 0
332.916 500 0
342.929 500 0
352.941 500 0
362.954 500 0
372.966 500 0
382.979 500 0
392.991 500 0
403.004 500 0
413.016 500 0
423.029 500 0
433.041 500 0
443.054 500 0
453.066 500 0
463.079 500 0
473.091 500 0
483.104 500 0
493.116 500 0
503.129 500 0
513.141 500 0
523.154 500 0
533.166 500 0
543.179 500 0
553.191 500 0
563.204 500 0
573.217 500 0
583.229 500 0
593.242 500 0
603.254 500 0
613.267 500 0
623.279 500 0
633.292 500 0
643.304 500 0
653.317 500 0
663.329 500 0
673.342 500 0
683.354 500 0
693.367 500 0
703.379 500 0
713.392 500 0
723.404 500 0
733.417 500 0
743.429 500 0
753.442 500 0
763.454 500 0
773.467 500 0
783.479 500 0
793.492 500 0
803.504 500 0
813.517 500 0
823.529 500 0
833.542 500 0
843.554 500 0
853.567 500 0
863.579 500 0
873.592 500 0
883.605 500 0
893.617 500 0
903.63 500 0
913.642 500 0
923.655 500 0
933.667 500 0
943.68 500 0
953.692 500 0
963.705 500 0
973.717 500 0
983.73 500 0
993.742 500 0
1003.75 500 0
1013.77 500 0
1023.78 500 0
1033.79 500 0
1043.8 500 0
1053.82 500 0
1063.83 500 0
1073.84 500 0
1083.85 500 0
1093.87 500 0
1103.88 500 0
1113.89 500 0
1123.9 500 0
1133.92 500 0
1143.93 500 0
1153.94 500 0
1163.95 500 0
1173.97 500 0
1183.98 500 0
1193.99 500 0
1204.01 500 0
1214.02 500 0
1224.03 500 0
1234.04 500 0
1244.06 500 0
1254.07 500 0
1264.08 500 0
1274.09 500 0
1284.11 500 0
1294.12 500 0
1304.13 500 0
1314.14 500 0
1324.16 500 0
1334.17 500 0
1344.18 500 0
1354.19 500 0
1364.21 500 0
1374.22 500 0
1384.23 500 0
1394.24 500 0
1404.26 500 0
1414.27 500 0
1424.28 500 0
1434.29 500 0
1444.31 500 0
1454.32 500 0
1464.33 500 0
1474.34 500 0
1484.36 500 0
1494.37 500 0
1504.38 500 0
1514.39 500 0
1524.41 500 0
1534.42 500 0
1544.43 500 0
1554.44 500 0
1564.46 500 0
1574.47 500 0
1584.48 500 0
1594.49 500 0
1604.51 500 0
1614.52 500 0
1624.53 500 0
1634.54 500 0
1644.56 500 0
1654.57 500 0
1664.58 500 0
1674.59 500 0
1684.61 500 0
1694.62 500 0
1704.63 500 0
1714.64 500 0
1724.66 500 0
1734.67 500 0
1744.68 500 0
1754.69 500 0
1764.71 500 0
1774.72 500 0
1784.73 500 0
1794.74 500 0
1804.76 500 0
1814.77 500 0
1824.78 500 0
1834.79 500 0
1844.81 500 0
1854.82 500 0
1864.83 500 0
1874.84 500 0
1884.86 500 0
1894.87 500 0
1904.88 500 0
1914.89 500 0
1924.91 500 0
1934.92 500 0
1944.93 500 0
1954.94 500 0
1964.96 500 0
1974.97 500 0
1984.98 500 0
1994.99 500 0
2005.01 500 0
2015.02 500 0
2025.03 500 0
2035.04 500 0
2045.06 500 0
2055.07 500 0
2065.08 500 0
2075.09 500 0
2085.11 500 0
2095.12 500 0
2105.13 500 0
2115.14 500 0
2125.16 500 0
2135.17 500 0
2145.18 500 0
2155.19 500 0
2165.21 500 0
2175.22 500 0
2185.23 500 0
2195.24 500 0
2205.26 500 0
2215.27 500 0
2225.28 500 0
2235.29 500 0
2245.31 500 0
2255.32 500 0
2265.33 500 0
2275.34 500 0
2285.36 500 0
2295.37 500 0
2305.38 500 0
2315.39 500 0
2325.41 500 0
2335.42 500 0
2345.43 500 0
2355.44 500 0
2365.46 500 0
2375.47 500 0
2385.48 500 0
2395.49 500 0
2405.51 500 0
2415.52 500 0
2425.53 500 0
2435.54 500 0
2445.56 500 0
2455.57 500 0
2465.58 500 0
2475.59 500 0
2485.61 500 0
2495.62 500 0
2505.63 500 0
2515.64 500 0
2525.66 500 0
2535.67 500 0
2545.68 500 0
2555.69 500 0
2565.71 500 0
2575.72 500 0
2585.73 500 0
2595.74 500 0
2605.76 500 0
2615.77 500 0
2625.78 500 0
2635.79 500 0
2645.81 500 0
2655.82 500 0
2665.83 500 0
2675.84 500 0
2685.86 500 0
2695.87 500 0
2705.88 500 0
2715.89 500 0
2725.91 500 0
2735.92 500 0
2745.93 500 0
2755.94 500 0
2765.96 500 0
2775.97 500 0
2785.98 500 0
2795.99 500 0
2806.01 500 0
2816.02 500 0
2826.03 500 0
2836.05 500 0
2846.06 500 0
2856.07 500 0
2866.08 500 0
2876.1 500 0
2886.11 500 0
2896.12 500 0
2906.13 500 0
2916.15 500 0
2926.16 500 0
2936.17 500 0
2946.18 500 0
2956.2 500 0
2966.21 500 0
2976.22 500 0
2986.23 500 0
2996.25 500 0
3006.26 500 0
3016.27 500 0
3026.28 500 0
3036.3 500 0
3046.31 500 0
3056.32 500 0
3066.33 500 0
3076.35 500 0
3086.36 500 0
3096.37 500 0
3106.38 500 0
3116.4 500 0
3126.41 500 0
3136.42 500 0
3146.43 500 0
3156.45 500 0
3166.46 500 0
3176.47 500 0
3186.48 500 0
3196.5 500 0
3206.51 500 0
3216.52 500 0
3226.53 500 0
3236.55 500 0
3246.56 500 0
3256.57 500 0
3266.58 500 0
3276.6 500 0
3286.61 500 0
3296.62 500 0
3306.63 500 0
3316.65 500 0
3326.66 500 0
3336.67 500 0
3346.68 500 0
3356.7 500 0
3366.71 500 0
3376.72 500 0
3386.73 500 0
3396.75 500 0
3406.76 500 0
3416.77 500 0
3426.78 500 0
3436.8 500 0
3446.81 500 0
3456.82 500 0
3466.83 500 0
3476.85 500 0
3486.86 500 0
3496.87 500 0
3506.88 500 0
3516.9 500 0
3526.91 500 0
3536.92 500 0
3546.93 500 0
3556.95 500 0
3566.96 500 0
3576.97 500 0
3586.98 500 0
3597 500 0
3607.01 500 0
3617.02 500 0
3627.03 500 0
3637.05 500 0
3647.06 500 0
3657.07 500 0
3667.08 500 0
3677.1 500 0
3687.11 500 0
3697.12 500 0
3707.13 500 0
3717.15 500 0
3727.16 500 0
3737.17 500 0
3747.18 500 0
3757.2 500 0
3767.21 500 0
3777.22 500 0
3787.23 500 0
3797.25 500 0
3807.26 500 0
3817.27 500 0
3827.28 500 0
3837.3 500 0
3847.31 500 0
3857.32 500 0
3867.33 500 0
3877.35 500 0
3887.36 500 0
3897.37 500 0
3907.38 500 0
3917.4 500 0
3927.41 500 0
3937.42 500 0
3947.43 500 0
3957.45 500 0
3967.46 500 0
3977.47 500 0
3987.48 500 0
3997.5 500 0
4007.51 500 0
4017.52 500 0
4027.53 500 0
4037.55 500 0
4047.56 500 0
4057.57 500 0
4067.58 500 0
4077.6 500 0
4087.61 500 0
4097.62 500 0
4107.63 500 0
4117.65 500 0
4127.66 500 0
4137.67 500 0
4147.68 500 0
4157.7 500 0
4167.71 500 0
4177.72 500 0
4187.73 500 0
4197.75 500 0
4207.76 500 0
4217.77 500 0
4227.78 500 0
4237.8 500 0
4247.81 500 0
4257.82 500 0
4267.83 500 0
4277.85 500 0
4287.86 500 0
4297.87 500 0
4307.88 500 0
4317.9 500 0
4327.91 500 0
4337.92 500 0
4347.93 500 0
4357.95 500 0
4367.96 500 0
4377.97 500 0
4387.98 500 0
4398 500 0
4408.01 500 0
4418.02 500 0
4428.04 500 0
4438.05 500 0
4448.06 500 0
4458.07 500 0
4468.09 500 0
4478.1 500 0
4488.11 500 0
4498.12 500 0
4508.14 500 0
4518.15 500 0
4528.16 500 0
4538.17 500 0
4548.19 500 0
4558.2 500 0
4568.21 500 0
4578.22 500 0
4588.24 500 0
4598.25 500 0
4608.26 500 0
4618.27 500 0
4628.29 500 0
4638.3 500 0
4648.31 500 0
4658.32 500 0
4668.34 500 0
4678.35 500 0
4688.36 500 0
4698.37 500 0
4708.39 500 0
4718.4 500 0
4728.41 500 0
4738.42 500 0
4748.44 500 0
4758.45 500 0
4768.46 500 0
4778.47 500 0
4788.49 500 0
4798.5 500 0
4808.51 500 0
4818.52 500 0
4828.54 500 0
4838.55 500 0
4848.56 500 0
4858.57 500 0
4868.59 500 0
4878.6 500 0
4888.61 500 0
4898.62 500 0
4908.64 500 0
4918.65 500 0
4928.66 500 0
4938.67 500 0
4948.69 500 0
4958.7 500 0
4968.71 500 0
4978.72 500 0
4988.74 500 0
4998.75 500 0
5008.76 500 0
5018.77 500 0
5028.79 500 0
5038.8 500 0
5048.81 500 0
5058.82 500 0
5068.84 500 0
5078.85 500 0
5088.86 500 0
5098.87 500 0
5108.89 500 0
5118.9 500 0
5128.91 500 0
5138.92 500 0
5148.94 500 0
5158.95 500 0
5168.96 500 0
5178.97 500 0
5188.99 500 0
5199 500 0
5209.01 500 0
5219.02 500 0
5229.04 500 0
5239.05 500 0
5249.06 500 0
5259.07 500 0
5269.09 500 0
5279.1 500 0
5289.11 500 0
5299.12 500 0
5309.14 500 0
5319.15 500 0
5329.16 500 0
5339.17 500 0
5349.19 500 0
5359.2 500 0
5369.21 500 0
5379.22 500 0
5389.24 500 0
5399.25 500 0
5409.26 500 0
5419.27 500 0
5429.29 500 0
5439.3 500 0
5449.31 500 0
5459.32 500 0
5469.34 500 0
5479.35 500 0
5489.36 500 0
5499.37 500 0
5509.39 500 0
5519.4 500 0
5529.41 500 0
5539.42 500 0
5549.44 500 0
5559.45 500 0
5569.46 500 0
5579.47 500 0
5589.49 500 0
5599.5 500 0
5609.51 500 0
5619.52 500 0
5629.54 500 0
5639.55 500 0
5649.56 500 0
5659.57 500 0
5669.59 500 0
5679.6 500 0
5689.61 500 0
5699.62 500 0
5709.64 500 0
5719.65 500 0
5729.66 500 0
5739.67 500 0
5749.69 500 0
5759.7 500 0
5769.71 500 0
5779.72 500 0
5789.74 500 0
5799.75 500 0
5809.76 500 0
5819.77 500 0
5829.79 500 0
5839.8 500 0
5849.81 500 0
5859.82 500 0
5869.84 500 0
5879.85 500 0
5889.86 500 0
5899.87 500 0
5909.89 500 0
5919.9 500 0
5929.91 500 0
5939.92 500 0
5949.94 500 0
5959.95 500 0
5969.96 500 0
5979.97 500 0
5989.99 500 0
6000 500 0
